Top 10 palabras más frecuentes en la nube de palabras:
Petro: 1.0
cosas: 0.46153846153846156
primera: 0.38461538461538464
vuelta: 0.38461538461538464
Ajá: 0.38461538461538464
voté: 0.3076923076923077
segunda: 0.3076923076923077
hizo: 0.3076923076923077
izquierda: 0.3076923076923077
derecha: 0.3076923076923077
