Top 10 palabras más frecuentes en la nube de palabras:
tema: 1.0
amigo: 1.0
personas: 0.7777777777777778
digo: 0.6666666666666666
política: 0.6666666666666666
petrista: 0.6666666666666666
cosa: 0.6666666666666666
gente: 0.5555555555555556
habla: 0.5555555555555556
ahora: 0.5555555555555556
