Top 10 palabras más frecuentes en la nube de palabras:
gobierno: 1.0
cosa: 0.6896551724137931
va: 0.4827586206896552
reforma: 0.4482758620689655
derecha: 0.41379310344827586
izquierda: 0.41379310344827586
bueno: 0.3793103448275862
Uribe: 0.3793103448275862
momento: 0.3448275862068966
cómo: 0.3103448275862069
