Top 10 palabras más frecuentes en la nube de palabras:
cosa: 1.0
persona: 0.9130434782608695
bueno: 0.6956521739130435
papá: 0.4782608695652174
va: 0.4782608695652174
política: 0.43478260869565216
digo: 0.43478260869565216
unas: 0.391304347826087
humano: 0.391304347826087
cómo: 0.34782608695652173
