Top 10 palabras más frecuentes en la nube de palabras:
derecha: 1.0
izquierda: 0.9230769230769231
cosa: 0.8461538461538461
persona: 0.7692307692307693
piensan: 0.6923076923076923
creo: 0.6923076923076923
pienso: 0.6153846153846154
gente: 0.6153846153846154
mismo: 0.5384615384615384
bueno: 0.5384615384615384
