Top 10 palabras más frecuentes en la nube de palabras:
persona: 1.0
cosa: 0.6521739130434783
tema: 0.5217391304347826
pienso: 0.4782608695652174
diferente: 0.4782608695652174
gente: 0.43478260869565216
pensar: 0.391304347826087
bueno: 0.391304347826087
va: 0.391304347826087
puede: 0.391304347826087
