Top 10 palabras más frecuentes en la nube de palabras:
persona: 1.0
cosa: 0.5714285714285714
mejor: 0.5
toda: 0.5
cómo: 0.4642857142857143
ver: 0.4642857142857143
liberal: 0.4642857142857143
decía: 0.42857142857142855
va: 0.42857142857142855
lado: 0.39285714285714285
