Top 10 palabras más frecuentes en la nube de palabras:
va: 1.0
creo: 0.9090909090909091
político: 0.8181818181818182
realmente: 0.7272727272727273
cosa: 0.7272727272727273
sé: 0.6363636363636364
podría: 0.6363636363636364
pienso: 0.6363636363636364
ejemplo: 0.5454545454545454
digo: 0.5454545454545454
