Top 10 palabras más frecuentes en la nube de palabras:
conservador: 1.0
papá: 0.9090909090909091
bueno: 0.45454545454545453
cosa: 0.45454545454545453
obviamente: 0.36363636363636365
después: 0.36363636363636365
persona: 0.36363636363636365
decía: 0.36363636363636365
liberal: 0.36363636363636365
claro: 0.36363636363636365
