Top 10 palabras más frecuentes en la nube de palabras:
gobierno: 1.0
bueno: 0.5217391304347826
ejemplo: 0.5217391304347826
cosa: 0.5217391304347826
paz: 0.4782608695652174
realmente: 0.43478260869565216
gente: 0.391304347826087
política: 0.34782608695652173
pienso: 0.34782608695652173
derecha: 0.34782608695652173
