Top 10 palabras más frecuentes en la nube de palabras:
quiero: 1.0
siento: 1.0
cosa: 0.7777777777777778
momento: 0.6666666666666666
hablar: 0.6666666666666666
lado: 0.6666666666666666
iba: 0.5555555555555556
tal: 0.5555555555555556
partido: 0.5555555555555556
gobierno: 0.4444444444444444
