Top 10 palabras más frecuentes en la nube de palabras:
cosa: 1.0
país: 0.9444444444444444
derecha: 0.8888888888888888
gente: 0.8888888888888888
gobierno: 0.7777777777777778
izquierda: 0.7777777777777778
año: 0.7222222222222222
Petro: 0.5555555555555556
creo: 0.5555555555555556
dividido: 0.5555555555555556
