Top 10 palabras más frecuentes en la nube de palabras:
cosa: 1.0
bueno: 0.8461538461538461
persona: 0.7692307692307693
va: 0.5384615384615384
ejemplo: 0.5384615384615384
salario: 0.5384615384615384
respeto: 0.46153846153846156
sé: 0.38461538461538464
extremos: 0.38461538461538464
momento: 0.38461538461538464
