Top 10 palabras más frecuentes en la nube de palabras:
tema: 1.0
religión: 0.7142857142857143
derecha: 0.5714285714285714
familia: 0.5714285714285714
pastores: 0.5714285714285714
hermana: 0.5714285714285714
ahorita: 0.42857142857142855
dice: 0.42857142857142855
buena: 0.42857142857142855
papá: 0.42857142857142855
