Top 10 palabras más frecuentes en la nube de palabras:
persona: 1.0
cosa: 0.9528985507246377
gobierno: 0.6014492753623188
derecha: 0.5905797101449275
bueno: 0.5797101449275363
va: 0.5615942028985508
gente: 0.5144927536231884
izquierda: 0.5072463768115942
ejemplo: 0.4855072463768116
creo: 0.4782608695652174
