Top 10 palabras más frecuentes en la nube de palabras:
persona: 1.0
ver: 0.8181818181818182
izquierda: 0.8181818181818182
escuchar: 0.5454545454545454
punto: 0.5454545454545454
derecha: 0.5454545454545454
oportunidad: 0.45454545454545453
creo: 0.45454545454545453
parte: 0.45454545454545453
oposición: 0.45454545454545453
